xof 0303txt 0032
template XSkinMeshHeader {
 <3cf169ce-ff7c-44ab-93c0-f78f62d172e2>
 WORD nMaxSkinWeightsPerVertex;
 WORD nMaxSkinWeightsPerFace;
 WORD nBones;
}

template VertexDuplicationIndices {
 <b8d65549-d7c9-4995-89cf-53a9a8b031e3>
 DWORD nIndices;
 DWORD nOriginalVertices;
 array DWORD indices[nIndices];
}

template SkinWeights {
 <6f0d123b-bad2-4167-a0d0-80224f25fabb>
 STRING transformNodeName;
 DWORD nWeights;
 array DWORD vertexIndices[nWeights];
 array FLOAT weights[nWeights];
 Matrix4x4 matrixOffset;
}

template AnimTicksPerSecond {
 <9e415a43-7ba6-4a73-8743-b73d47e88476>
 DWORD AnimTicksPerSecond;
}

template VertexElement {
 <f752461c-1e23-48f6-b9f8-8350850f336f>
 DWORD Type;
 DWORD Method;
 DWORD Usage;
 DWORD UsageIndex;
}

template DeclData {
 <bf22e553-292c-4781-9fea-62bd554bdd93>
 DWORD nElements;
 array VertexElement Elements[nElements];
 DWORD nDWords;
 array DWORD data[nDWords];
}


AnimTicksPerSecond {
 24;
}

Frame Dummy01 {
 

 FrameTransformMatrix {
  -0.000000,0.000000,-1.000000,0.000000,-1.000000,-0.000000,0.000000,0.000000,-0.000000,1.000000,0.000000,0.000000,-0.140000,-0.420000,0.000000,1.000000;;
 }

 Frame Bip01 {
  

  FrameTransformMatrix {
   -0.027253,0.999439,0.019494,0.000000,-0.006106,-0.019667,0.999788,0.000000,0.999610,0.027128,0.006638,0.000000,0.000000,-0.150989,0.315377,1.000000;;
  }

  Frame Bip01_Pelvis {
   

   FrameTransformMatrix {
    -0.010582,0.998073,0.061146,0.000000,0.002028,-0.061127,0.998128,0.000000,0.999942,0.010686,-0.001377,0.000000,0.000000,0.000000,0.000000,1.000000;;
   }

   Frame Bip01_Spine {
    

    FrameTransformMatrix {
     0.953691,-0.058016,0.295139,0.000000,0.061145,0.998128,-0.001375,0.000000,-0.294507,0.019357,0.955453,0.000000,0.051559,-0.003158,0.000471,1.000000;;
    }

    Frame Bip01_Spine1 {
     

     FrameTransformMatrix {
      0.991473,0.000000,0.130310,0.000000,-0.000000,1.000000,-0.000000,0.000000,-0.130310,-0.000000,0.991473,0.000000,0.106491,-0.000000,-0.000084,1.000000;;
     }

     Frame Bip01_Neck {
      

      FrameTransformMatrix {
       0.903366,0.000001,0.428870,0.000000,-0.000001,1.000000,-0.000000,0.000000,-0.428870,-0.000000,0.903366,0.000000,0.130516,0.000000,0.004628,1.000000;;
      }

      Frame Bip01_Head {
       

       FrameTransformMatrix {
        0.968422,-0.000001,-0.249317,0.000000,0.000001,1.000000,-0.000000,0.000000,0.249317,-0.000000,0.968422,0.000000,0.033674,0.000000,0.000000,1.000000;;
       }

       Frame Bip01_HeadNub {
        

        FrameTransformMatrix {
         1.000000,-0.000000,-0.000000,0.000000,0.000000,1.000000,-0.000000,0.000000,0.000000,-0.000000,1.000000,0.000000,0.169824,-0.000000,0.000000,1.000000;;
        }
       }
      }

      Frame Bip01_L_Clavicle {
       

       FrameTransformMatrix {
        -0.000000,1.000000,-0.000003,0.000000,0.903024,-0.000001,-0.429589,0.000000,-0.429589,-0.000003,-0.903024,0.000000,-0.023698,0.015715,0.006128,1.000000;;
       }

       Frame Bip01_L_UpperArm {
        

        FrameTransformMatrix {
         -0.025058,-0.831443,-0.555045,0.000000,0.884150,0.240677,-0.400442,0.000000,0.466531,-0.500777,0.729089,0.000000,0.087086,0.000000,0.000000,1.000000;;
        }

        Frame Bip01_L_Forearm {
         

         FrameTransformMatrix {
          0.811916,-0.000000,-0.583774,0.000000,0.000000,1.000000,-0.000000,0.000000,0.583774,0.000000,0.811916,0.000000,0.137062,0.000000,-0.000000,1.000000;;
         }

         Frame Bip01_L_Hand {
          

          FrameTransformMatrix {
           0.947482,-0.313004,-0.065618,0.000000,0.246442,0.583821,0.773576,0.000000,-0.203823,-0.749120,0.630298,0.000000,0.137062,0.000000,0.000000,1.000000;;
          }

          Frame Bip01_L_Finger0 {
           

           FrameTransformMatrix {
            0.829256,-0.514255,0.218807,0.000000,0.558537,0.749101,-0.356210,0.000000,0.019274,0.417601,0.908427,0.000000,0.057681,-0.023605,-0.000272,1.000000;;
           }

           Frame Bip01_L_Finger0Nub {
            

            FrameTransformMatrix {
             1.000000,0.000000,0.000000,0.000000,0.000000,1.000000,0.000000,0.000000,-0.000000,0.000000,1.000000,0.000000,0.029435,0.000000,0.000000,1.000000;;
            }
           }
          }

          Frame Bip01_L_Finger1 {
           

           FrameTransformMatrix {
            0.989590,-0.000115,0.143914,0.000000,-0.000000,1.000000,0.000796,0.000000,-0.143914,-0.000788,0.989590,0.000000,0.084102,0.000000,0.000000,1.000000;;
           }

           Frame Bip01_L_Finger1Nub {
            

            FrameTransformMatrix {
             1.000000,0.000000,-0.000000,0.000000,-0.000000,1.000000,0.000000,0.000000,0.000000,0.000000,1.000000,0.000000,0.047988,-0.000000,0.000000,1.000000;;
            }
           }
          }
         }
        }
       }
      }

      Frame Bip01_R_Clavicle {
       

       FrameTransformMatrix {
        -0.000000,-1.000000,0.000003,0.000000,-0.903024,0.000001,0.429589,0.000000,-0.429589,-0.000003,-0.903024,0.000000,-0.023698,-0.015714,0.006128,1.000000;;
       }

       Frame Bip01_R_UpperArm {
        

        FrameTransformMatrix {
         0.264513,0.918903,-0.292659,0.000000,-0.725426,0.389548,0.567459,0.000000,0.635444,0.062202,0.769637,0.000000,0.087086,0.000000,0.000000,1.000000;;
        }

        Frame Bip01_R_Forearm {
         

         FrameTransformMatrix {
          0.372056,-0.000000,-0.928210,0.000000,0.000000,1.000000,-0.000000,0.000000,0.928210,0.000000,0.372056,0.000000,0.137062,0.000000,0.000000,1.000000;;
         }

         Frame Bip01_R_Hand {
          

          FrameTransformMatrix {
           0.951073,0.246139,0.186752,0.000000,0.183824,0.035034,-0.982335,0.000000,-0.248334,0.968601,-0.011926,0.000000,0.137062,-0.000000,-0.000000,1.000000;;
          }

          Frame Bip01_R_Finger0 {
           

           FrameTransformMatrix {
            0.829256,0.514255,0.218807,0.000000,-0.558537,0.749101,0.356210,0.000000,0.019274,-0.417601,0.908427,0.000000,0.057681,0.023605,-0.000272,1.000000;;
           }

           Frame Bip01_R_Finger0Nub {
            

            FrameTransformMatrix {
             -1.000000,-0.000000,-0.000000,0.000000,0.000000,1.000000,0.000000,0.000000,-0.000000,0.000000,-1.000000,0.000000,0.029435,-0.000000,0.000000,1.000000;;
            }
           }
          }

          Frame Bip01_R_Finger1 {
           

           FrameTransformMatrix {
            0.989590,0.000115,0.143914,0.000000,0.000000,1.000000,-0.000796,0.000000,-0.143914,0.000788,0.989590,0.000000,0.084102,0.000000,-0.000000,1.000000;;
           }

           Frame Bip01_R_Finger1Nub {
            

            FrameTransformMatrix {
             -1.000000,0.000000,0.000000,0.000000,0.000000,1.000000,0.000000,0.000000,-0.000000,-0.000000,-1.000000,0.000000,0.047988,0.000000,-0.000000,1.000000;;
            }
           }
          }
         }
        }
       }
      }
     }

     Frame Bip01_BackPack {
      

      FrameTransformMatrix {
       0.190104,-0.000002,-0.981764,0.000000,0.000003,1.000000,-0.000002,0.000000,0.981764,-0.000002,0.190104,0.000000,0.063697,-0.000000,-0.088856,1.000000;;
      }

      Frame Bip01_BackPackNub {
       

       FrameTransformMatrix {
        0.000796,0.000003,1.000000,0.000000,-0.000000,-1.000000,0.000003,0.000000,1.000000,-0.000000,-0.000796,0.000000,0.053240,0.000000,0.000000,1.000000;;
       }
      }
     }
    }

    Frame Bip01_L_Thigh {
     

     FrameTransformMatrix {
      0.071664,0.106676,0.991708,0.000000,-0.196716,-0.973224,0.118903,0.000000,0.977838,-0.203606,-0.048760,0.000000,-0.052697,0.055122,0.015865,1.000000;;
     }

     Frame Bip01_L_Calf {
      

      FrameTransformMatrix {
       0.090190,-0.000000,-0.995925,0.000000,0.000000,1.000000,0.000000,0.000000,0.995925,-0.000000,0.090190,0.000000,0.237500,0.000000,0.000000,1.000000;;
      }

      Frame Bip01_L_Foot {
       

       FrameTransformMatrix {
        0.967793,0.227723,0.107327,0.000000,-0.222122,0.973065,-0.061691,0.000000,-0.118484,0.035864,0.992308,0.000000,0.206841,0.000000,0.000000,1.000000;;
       }

       Frame Bip01_L_Toe0 {
        

        FrameTransformMatrix {
         -0.000000,-0.000000,1.000000,0.000000,0.000000,1.000000,-0.000000,0.000000,-1.000000,0.000000,-0.000000,0.000000,0.065373,0.000000,0.066450,1.000000;;
        }

        Frame Bip01_L_Toe0Nub {
         

         FrameTransformMatrix {
          -1.000000,0.000000,-0.000000,0.000000,-0.000000,1.000000,-0.000000,0.000000,0.000000,-0.000000,-1.000000,0.000000,0.006735,0.000000,-0.000000,1.000000;;
         }
        }
       }
      }
     }
    }

    Frame Bip01_R_Thigh {
     

     FrameTransformMatrix {
      0.013688,-0.159739,0.987064,0.000000,0.236824,-0.958552,-0.158409,0.000000,0.971456,0.235929,0.024709,0.000000,-0.046289,-0.055122,0.013727,1.000000;;
     }

     Frame Bip01_R_Calf {
      

      FrameTransformMatrix {
       0.002856,-0.000000,-0.999996,0.000000,-0.000000,1.000000,0.000000,0.000000,0.999996,-0.000000,0.002856,0.000000,0.237500,-0.000000,0.000000,1.000000;;
      }

      Frame Bip01_R_Foot {
       

       FrameTransformMatrix {
        0.932092,-0.264076,0.247928,0.000000,0.222529,0.957539,0.183301,0.000000,-0.285806,-0.115682,0.951279,0.000000,0.206841,0.000000,0.000000,1.000000;;
       }

       Frame Bip01_R_Toe0 {
        

        FrameTransformMatrix {
         -0.000000,-0.000000,1.000000,0.000000,0.000000,1.000000,-0.000000,0.000000,-1.000000,0.000000,-0.000000,0.000000,0.065373,0.000000,0.066450,1.000000;;
        }

        Frame Bip01_R_Toe0Nub {
         

         FrameTransformMatrix {
          1.000000,-0.000000,0.000000,0.000000,-0.000000,1.000000,0.000000,0.000000,0.000000,0.000000,1.000000,0.000000,0.006735,0.000000,0.000000,1.000000;;
         }
        }
       }
      }
     }
    }
   }

   Frame Bip01_DressFront {
    

    FrameTransformMatrix {
     -0.295593,-0.000002,0.955314,0.000000,-0.000004,1.000000,0.000001,0.000000,-0.955314,-0.000004,-0.295593,0.000000,-0.043862,0.001399,0.060985,1.000000;;
    }

    Frame Bip01_DressFront02 {
     

     FrameTransformMatrix {
      0.396226,0.000003,0.918153,0.000000,-0.000003,1.000000,-0.000002,0.000000,-0.918153,-0.000002,0.396226,0.000000,0.183445,0.000000,-0.000052,1.000000;;
     }

     Frame Bip01_DressFrontNub {
      

      FrameTransformMatrix {
       0.000796,0.000003,1.000000,0.000000,0.000000,-1.000000,0.000003,0.000000,1.000000,0.000000,-0.000796,0.000000,0.165302,0.000000,0.000000,1.000000;;
      }
     }
    }
   }

   Frame Bip01_DressBack {
    

    FrameTransformMatrix {
     -0.369104,-0.000002,0.929389,0.000000,-0.000004,1.000000,0.000000,0.000000,-0.929389,-0.000004,-0.369104,0.000000,-0.052606,0.000000,-0.080355,1.000000;;
    }

    Frame Bip01_DressBack02 {
     

     FrameTransformMatrix {
      0.767515,0.000002,0.641031,0.000000,-0.000002,1.000000,-0.000001,0.000000,-0.641031,-0.000001,0.767515,0.000000,0.176228,0.000000,-0.000083,1.000000;;
     }

     Frame Bip01_DressBackNub {
      

      FrameTransformMatrix {
       0.000796,0.000003,1.000000,0.000000,0.000000,-1.000000,0.000003,0.000000,1.000000,0.000000,-0.000796,0.000000,0.136508,0.000000,-0.000000,1.000000;;
      }
     }
    }
   }
  }

  Frame Bip01_Prop1 {
   

   FrameTransformMatrix {
    -0.906200,0.150956,0.394985,0.000000,0.398811,0.615581,0.679713,0.000000,-0.140539,0.773481,-0.618043,0.000000,0.153672,-0.028673,-0.024909,1.000000;;
   }
  }

  Frame Bip01_Prop2 {
   

   FrameTransformMatrix {
    0.581454,-0.657508,-0.479159,0.000000,0.067436,0.625876,-0.777002,0.000000,0.810779,0.419478,0.408258,0.000000,0.203748,-0.050801,0.016097,1.000000;;
   }
  }
 }
}

Frame Translation_Data {
 

 FrameTransformMatrix {
  1.000000,0.000000,0.000000,0.000000,0.000000,-0.000000,-1.000000,0.000000,0.000000,1.000000,-0.000000,0.000000,0.000000,-0.000000,0.000000,1.000000;;
 }
}

Frame Body {
 

 FrameTransformMatrix {
  1.000000,0.000000,0.000000,0.000000,0.000000,1.000000,0.000000,0.000000,0.000000,0.000000,1.000000,0.000000,0.000000,0.000000,0.000000,1.000000;;
 }

 Mesh Body {
  617;
  -0.087843;0.144091;-0.064263;,
  -0.079601;0.164378;-0.023833;,
  -0.084813;0.131307;-0.029121;,
  -0.084419;0.123798;-0.075651;,
  -0.078496;0.107533;-0.080843;,
  -0.090369;0.096263;-0.036849;,
  -0.083895;0.064778;-0.050324;,
  -0.056347;0.077324;-0.087645;,
  -0.051886;0.196691;-0.025338;,
  -0.051127;0.181021;-0.066520;,
  -0.021687;0.183071;-0.075850;,
  -0.016701;0.188554;-0.044178;,
  0.048482;-0.061058;-0.087027;,
  0.073925;-0.064241;-0.046223;,
  0.067433;-0.047842;-0.046846;,
  0.044504;-0.047271;-0.079955;,
  -0.010698;-0.047479;-0.073198;,
  0.007630;-0.075178;-0.085890;,
  -0.040142;-0.051461;-0.044395;,
  -0.031003;-0.104344;-0.039843;,
  -0.018713;-0.094587;-0.068496;,
  -0.092469;0.096752;0.004148;,
  -0.089195;0.060953;0.003822;,
  0.074846;-0.066208;-0.004035;,
  0.068664;-0.048131;-0.003910;,
  0.046009;0.065704;-0.051895;,
  0.050962;0.067491;0.000061;,
  0.043678;0.107640;0.000525;,
  0.037363;0.108422;-0.056309;,
  -0.037888;-0.089763;-0.050135;,
  -0.136352;-0.094469;-0.060469;,
  -0.131848;-0.113537;-0.103730;,
  -0.025832;-0.112149;-0.090805;,
  -0.243959;-0.128842;-0.069602;,
  -0.219644;-0.146861;-0.102696;,
  -0.034829;-0.107189;-0.006760;,
  0.075371;-0.169092;-0.010567;,
  -0.115245;-0.200006;-0.042246;,
  -0.131594;-0.129380;-0.019531;,
  -0.198143;-0.177789;-0.054195;,
  -0.223076;-0.157760;-0.047107;,
  -0.008837;-0.164536;-0.095390;,
  -0.116750;-0.174857;-0.118121;,
  -0.196204;-0.167524;-0.093622;,
  -0.187807;-0.420651;-0.138769;,
  -0.190874;-0.420628;-0.093873;,
  -0.142347;-0.420735;-0.099203;,
  -0.142614;-0.420758;-0.134060;,
  -0.237978;-0.203018;-0.086674;,
  -0.230752;-0.275498;-0.100290;,
  -0.201161;-0.269882;-0.128102;,
  -0.208300;-0.196418;-0.116519;,
  -0.221373;-0.352552;-0.116832;,
  -0.192353;-0.349671;-0.135956;,
  -0.214375;-0.227791;-0.048810;,
  -0.161807;-0.209667;-0.044961;,
  -0.165258;-0.272393;-0.064767;,
  -0.206444;-0.282459;-0.070806;,
  -0.170072;-0.342865;-0.101577;,
  -0.195939;-0.359281;-0.099968;,
  -0.159657;-0.187957;-0.113905;,
  -0.163620;-0.261431;-0.125865;,
  -0.169985;-0.334782;-0.124820;,
  0.011785;-0.104470;-0.090532;,
  -0.041855;-0.109423;0.001867;,
  -0.028849;-0.144277;0.003373;,
  -0.034829;-0.107189;-0.006760;,
  0.065876;-0.111453;-0.093530;,
  0.091357;-0.110767;-0.044214;,
  0.025383;-0.159568;-0.091463;,
  0.052785;-0.165861;-0.046871;,
  0.053353;0.014548;-0.048474;,
  0.028610;0.059376;-0.083150;,
  0.010595;0.059456;-0.094152;,
  -0.041480;0.047786;-0.086342;,
  -0.021353;0.000593;-0.070992;,
  0.027757;0.009379;-0.079835;,
  -0.074194;0.035659;-0.051178;,
  -0.048133;-0.009690;-0.047384;,
  -0.079598;0.035994;0.003395;,
  -0.050330;-0.015298;0.001593;,
  -0.102691;0.129369;-0.102245;,
  -0.075035;0.136495;-0.056638;,
  -0.113050;0.080175;-0.108384;,
  -0.088974;0.076714;-0.053627;,
  -0.096935;0.026115;-0.060300;,
  -0.116623;0.028418;-0.104656;,
  -0.023449;0.113535;-0.079521;,
  -0.030107;0.062886;-0.080254;,
  -0.088974;0.076714;-0.053627;,
  -0.050278;0.009625;-0.081003;,
  -0.096935;0.026115;-0.060300;,
  -0.019880;0.113203;-0.090272;,
  -0.043844;0.114786;-0.128188;,
  -0.054092;0.066625;-0.135158;,
  -0.069893;0.011805;-0.125231;,
  -0.079721;0.124436;-0.120799;,
  -0.134335;0.017863;-0.101437;,
  -0.112297;0.012862;-0.048619;,
  -0.151680;-0.032940;-0.042854;,
  -0.164289;-0.027645;-0.076918;,
  -0.169871;-0.068041;-0.037838;,
  -0.187507;-0.068127;-0.058632;,
  -0.112297;0.012862;-0.048619;,
  -0.065901;-0.023742;-0.070755;,
  -0.113737;-0.065767;-0.070361;,
  -0.151680;-0.032940;-0.042854;,
  -0.153711;-0.092306;-0.061399;,
  -0.169871;-0.068041;-0.037838;,
  -0.087712;-0.018763;-0.123341;,
  -0.123473;-0.061260;-0.096418;,
  -0.162462;-0.092077;-0.072379;,
  -0.238087;-0.149431;0.036061;,
  -0.216534;-0.145035;0.036166;,
  -0.200918;-0.169020;-0.002559;,
  -0.222256;-0.172989;-0.002273;,
  -0.204508;-0.104468;0.029583;,
  -0.211008;-0.113445;0.027863;,
  -0.219380;-0.108304;0.022909;,
  -0.212862;-0.096352;0.028900;,
  -0.165189;-0.121546;-0.046451;,
  -0.191938;-0.143487;-0.032347;,
  -0.200792;-0.101094;-0.002187;,
  -0.169886;-0.087512;-0.010510;,
  -0.197180;-0.110560;-0.063402;,
  -0.211636;-0.143490;-0.035524;,
  -0.202499;-0.074084;-0.026752;,
  -0.220056;-0.102176;-0.007109;,
  -0.053313;0.184790;-0.093307;,
  -0.081754;0.176362;-0.097002;,
  -0.051127;0.181021;-0.066520;,
  -0.074909;0.170611;-0.061758;,
  0.018856;0.106530;-0.092643;,
  -0.074019;0.180964;-0.034531;,
  -0.094570;0.152957;-0.093470;,
  -0.087843;0.144091;-0.064263;,
  -0.084419;0.123798;-0.075651;,
  -0.084967;0.137074;-0.092950;,
  -0.003189;0.146222;-0.095505;,
  0.017866;0.145031;-0.056326;,
  -0.008468;0.148630;-0.097888;,
  0.024578;0.140970;0.001265;,
  -0.019074;0.182193;0.002723;,
  -0.021687;0.183071;-0.075850;,
  -0.008468;0.148630;-0.097888;,
  -0.049613;0.111925;-0.083311;,
  -0.014912;0.138695;-0.098121;,
  -0.075035;0.136495;-0.056638;,
  -0.010403;0.093169;-0.094078;,
  -0.041665;0.078881;-0.086398;,
  -0.078496;0.107533;-0.080843;,
  0.003499;0.101020;-0.099756;,
  -0.169886;-0.087512;-0.010510;,
  -0.074458;0.217557;-0.021595;,
  -0.090733;0.203462;-0.030410;,
  -0.047720;0.200092;0.003618;,
  -0.068233;0.224082;0.004333;,
  -0.220056;-0.102176;-0.007109;,
  -0.238087;-0.149431;0.036061;,
  -0.222256;-0.172989;-0.002273;,
  -0.188411;-0.098200;0.019592;,
  -0.209703;-0.085129;0.012755;,
  -0.188411;-0.098200;0.019592;,
  -0.199807;-0.110259;0.013148;,
  -0.215890;-0.100136;-0.002493;,
  -0.215890;-0.100136;-0.002493;,
  -0.204508;-0.104468;0.029583;,
  -0.212862;-0.096352;0.028900;,
  -0.219380;-0.108304;0.022909;,
  -0.264641;-0.398985;-0.145010;,
  -0.302151;-0.402019;-0.113434;,
  -0.309387;-0.420598;-0.114755;,
  -0.271878;-0.420610;-0.150570;,
  -0.152977;-0.387325;-0.095457;,
  -0.142347;-0.420735;-0.099203;,
  -0.190874;-0.420628;-0.093873;,
  -0.193407;-0.395671;-0.092502;,
  -0.170072;-0.342865;-0.101577;,
  -0.169985;-0.334782;-0.124820;,
  -0.153508;-0.384303;-0.136997;,
  -0.187807;-0.420651;-0.138769;,
  -0.142614;-0.420758;-0.134060;,
  -0.190278;-0.385705;-0.139919;,
  -0.221373;-0.352552;-0.116832;,
  -0.192353;-0.349671;-0.135956;,
  -0.298934;-0.420587;-0.079816;,
  -0.291697;-0.405053;-0.085942;,
  -0.271878;-0.420610;-0.150570;,
  -0.298934;-0.420587;-0.079816;,
  -0.131594;-0.129380;-0.019531;,
  -0.223076;-0.157760;-0.047107;,
  -0.214375;-0.227791;-0.048810;,
  -0.206444;-0.282459;-0.070806;,
  -0.195939;-0.359281;-0.099968;,
  -0.195939;-0.359281;-0.099968;,
  0.021221;-0.158286;0.002617;,
  -0.109393;0.197294;-0.040857;,
  -0.124368;0.184774;-0.031939;,
  -0.119512;0.179717;-0.023171;,
  -0.102603;0.190329;-0.022238;,
  -0.097701;0.225295;-0.033283;,
  -0.084194;0.243766;-0.025608;,
  -0.185206;0.312715;-0.011590;,
  -0.186827;0.316637;0.008168;,
  -0.204678;0.292712;0.008494;,
  -0.194662;0.231794;-0.026116;,
  -0.201063;0.260526;-0.022082;,
  -0.199490;0.227539;-0.009048;,
  -0.119590;0.223356;-0.045734;,
  -0.137254;0.200929;-0.037363;,
  -0.107038;0.211464;-0.039257;,
  -0.121383;0.262342;-0.046549;,
  -0.145830;0.260258;-0.046378;,
  -0.168734;0.289545;-0.044845;,
  -0.190466;0.274580;-0.035687;,
  -0.166806;0.243510;-0.041686;,
  -0.094928;0.290447;-0.033631;,
  -0.109029;0.273488;-0.044202;,
  -0.084563;0.296436;0.005258;,
  -0.119022;0.331662;0.006428;,
  -0.127918;0.325222;-0.026243;,
  -0.154911;0.224192;-0.042611;,
  -0.172402;0.208317;-0.027801;,
  -0.144420;0.185740;-0.027910;,
  -0.142342;0.158465;-0.013602;,
  -0.148328;0.150739;0.006019;,
  -0.128951;0.159181;0.005549;,
  -0.202646;0.281691;-0.017406;,
  -0.180398;0.304044;-0.031467;,
  -0.143533;0.313820;-0.041046;,
  -0.159271;0.324642;-0.027007;,
  -0.154490;0.335414;0.007415;,
  -0.155904;0.332440;-0.009807;,
  -0.076129;0.257157;0.004769;,
  -0.143533;0.313820;-0.041046;,
  -0.159271;0.324642;-0.027007;,
  -0.121622;0.225451;-0.051925;,
  -0.119366;0.258084;-0.062358;,
  -0.135596;0.270689;-0.056772;,
  -0.130816;0.251901;-0.049910;,
  -0.119366;0.258084;-0.062358;,
  -0.121622;0.225451;-0.051925;,
  -0.135596;0.270689;-0.056772;,
  -0.145830;0.260258;-0.046378;,
  -0.139967;0.235797;-0.047207;,
  -0.119590;0.223356;-0.045734;,
  -0.183187;0.227774;-0.027091;,
  -0.139967;0.235797;-0.047207;,
  -0.074019;0.180964;-0.034531;,
  -0.090733;0.203462;-0.030410;,
  -0.074909;0.170611;-0.061758;,
  -0.097701;0.225295;-0.033283;,
  -0.092796;0.147492;0.004492;,
  -0.090633;0.123801;0.004278;,
  -0.042417;-0.051903;-0.000835;,
  0.092326;-0.111101;-0.002117;,
  0.088312;-0.145110;-0.000139;,
  0.016809;-0.184187;-0.008203;,
  -0.112694;0.166011;0.005154;,
  0.021221;-0.158286;0.002617;,
  -0.155904;0.332440;-0.009807;,
  -0.154490;0.335414;0.007415;,
  -0.162147;0.183595;-0.013515;,
  -0.178931;0.200160;-0.005410;,
  -0.174530;0.191574;-0.005778;,
  -0.210896;0.278524;0.008566;,
  -0.211918;0.253101;0.008424;,
  -0.187048;0.224119;-0.007324;,
  0.056820;0.014409;-0.001068;,
  -0.074909;0.170611;-0.061758;,
  -0.309387;-0.420598;-0.114755;,
  -0.158776;0.177925;-0.013049;,
  -0.163703;0.172760;-0.005280;,
  -0.162825;0.178702;-0.005079;,
  -0.190415;0.191270;0.007430;,
  -0.178111;0.188241;0.007076;,
  -0.168920;0.179860;-0.004654;,
  -0.163106;0.178642;0.006605;,
  -0.165004;0.169926;0.006599;,
  -0.204319;0.223284;0.008020;,
  -0.196422;0.216881;0.007763;,
  -0.014912;0.138695;-0.098121;,
  -0.171932;0.178076;0.006841;,
  -0.034051;0.120391;-0.079197;,
  -0.049613;0.111925;-0.083311;,
  -0.078496;0.107533;-0.080843;,
  -0.109029;0.273488;-0.044202;,
  -0.237978;-0.203018;-0.086674;,
  -0.240705;-0.230903;-0.026888;,
  -0.239452;-0.306654;-0.042882;,
  -0.230752;-0.275498;-0.100290;,
  -0.243959;-0.128842;-0.069602;,
  -0.230777;-0.157548;-0.021584;,
  -0.136352;-0.094469;-0.060469;,
  -0.135129;-0.135266;-0.006892;,
  -0.037888;-0.089763;-0.050135;,
  -0.049847;-0.110610;-0.001593;,
  -0.031003;-0.104344;-0.039843;,
  -0.243540;-0.378545;-0.049088;,
  -0.221373;-0.352552;-0.116832;,
  -0.139295;-0.285584;-0.064954;,
  -0.138592;-0.353128;-0.080438;,
  -0.144982;-0.392852;0.019620;,
  -0.125236;-0.325578;0.015550;,
  -0.115817;-0.259977;0.012095;,
  -0.147731;-0.209766;-0.048968;,
  -0.088828;-0.212402;0.008407;,
  -0.180777;-0.194200;-0.049974;,
  -0.111427;-0.214333;-0.044274;,
  -0.031938;-0.204893;0.005025;,
  0.073465;-0.167765;0.001547;,
  -0.034051;0.120391;-0.079197;,
  -0.084126;0.143178;0.072819;,
  -0.080093;0.122740;0.083739;,
  -0.083007;0.130866;0.037408;,
  -0.078078;0.164005;0.032283;,
  -0.073656;0.105521;0.087994;,
  -0.051428;0.076119;0.093579;,
  -0.080964;0.064060;0.057646;,
  -0.088148;0.095720;0.044961;,
  -0.050311;0.196306;0.032711;,
  -0.014159;0.187931;0.049508;,
  -0.017929;0.182874;0.081445;,
  -0.048769;0.181116;0.072936;,
  0.053535;-0.051982;0.079348;,
  0.049049;-0.040803;0.072932;,
  0.069979;-0.044217;0.038843;,
  0.076472;-0.059664;0.037667;,
  -0.006468;-0.041459;0.069116;,
  0.012736;-0.066006;0.082225;,
  -0.037564;-0.047792;0.042342;,
  -0.014736;-0.087120;0.068933;,
  -0.028516;-0.099877;0.042044;,
  0.068664;-0.048131;-0.003910;,
  0.074846;-0.066208;-0.004035;,
  0.048834;0.065013;0.052181;,
  0.040455;0.107665;0.057624;,
  0.043678;0.107640;0.000525;,
  0.050962;0.067491;0.000061;,
  -0.036408;-0.086278;0.054657;,
  -0.019260;-0.106363;0.094834;,
  -0.122422;-0.114409;0.117675;,
  -0.132336;-0.097208;0.074533;,
  -0.207667;-0.153004;0.126352;,
  -0.236021;-0.139342;0.095755;,
  -0.035916;-0.105602;0.011398;,
  -0.129347;-0.133201;0.034371;,
  -0.106350;-0.201840;0.057423;,
  0.076104;-0.167773;0.013596;,
  -0.215792;-0.166187;0.071759;,
  -0.189405;-0.182847;0.076539;,
  -0.102078;-0.174139;0.132297;,
  0.000851;-0.158297;0.100654;,
  -0.184352;-0.171106;0.115271;,
  -0.143409;-0.420651;0.163187;,
  -0.098217;-0.420758;0.158478;,
  -0.097948;-0.420735;0.123622;,
  -0.146476;-0.420628;0.118292;,
  -0.219184;-0.211622;0.113587;,
  -0.187516;-0.199757;0.139498;,
  -0.168262;-0.270963;0.151378;,
  -0.199752;-0.281771;0.127455;,
  -0.147314;-0.348763;0.159748;,
  -0.177101;-0.354847;0.143095;,
  -0.196780;-0.234006;0.073568;,
  -0.178311;-0.286150;0.095366;,
  -0.140067;-0.270431;0.084211;,
  -0.148297;-0.208591;0.063070;,
  -0.151541;-0.359281;0.124387;,
  -0.128517;-0.340690;0.123727;,
  -0.132913;-0.257238;0.144466;,
  -0.141312;-0.184425;0.130867;,
  -0.127536;-0.332111;0.146722;,
  0.017260;-0.094633;0.089764;,
  -0.035916;-0.105602;0.011398;,
  0.093905;-0.106190;0.039676;,
  0.071456;-0.101428;0.090225;,
  0.057504;-0.161305;0.048823;,
  0.033257;-0.151767;0.094644;,
  0.055960;0.014498;0.046448;,
  0.033153;0.058264;0.084247;,
  0.015762;0.058192;0.096209;,
  0.032120;0.009295;0.079039;,
  -0.017408;0.000517;0.072654;,
  -0.036665;0.046608;0.091078;,
  -0.045447;-0.009742;0.050402;,
  -0.071242;0.034937;0.057583;,
  -0.090051;0.116967;0.110047;,
  -0.087709;0.070334;0.129663;,
  -0.056679;0.120618;0.067991;,
  -0.072850;0.026507;0.143556;,
  -0.044260;0.020454;0.104793;,
  -0.052972;0.060840;0.081776;,
  -0.006583;0.121935;0.102640;,
  -0.052972;0.060840;0.081776;,
  0.000735;0.073768;0.118023;,
  -0.044260;0.020454;0.104793;,
  -0.005364;0.012199;0.132610;,
  -0.005325;0.125517;0.113317;,
  -0.034021;0.083583;0.165975;,
  -0.036018;0.129026;0.145875;,
  -0.033869;0.018026;0.171276;,
  -0.070883;0.124523;0.131764;,
  -0.088903;0.026698;0.136195;,
  -0.119017;-0.013096;0.103348;,
  -0.099968;-0.019754;0.072685;,
  -0.056491;0.019150;0.089367;,
  -0.143893;-0.049358;0.078629;,
  -0.125844;-0.048740;0.060167;,
  -0.056491;0.019150;0.089367;,
  -0.099968;-0.019754;0.072685;,
  -0.074608;-0.058612;0.106164;,
  -0.021839;-0.024181;0.119644;,
  -0.125844;-0.048740;0.060167;,
  -0.110138;-0.075870;0.084382;,
  -0.089198;-0.053054;0.129622;,
  -0.054044;-0.016571;0.166222;,
  -0.124891;-0.077041;0.095967;,
  -0.191259;-0.144167;-0.006735;,
  -0.157682;-0.162590;0.021693;,
  -0.139989;-0.150757;0.017444;,
  -0.173637;-0.131829;-0.011334;,
  -0.175122;-0.090362;-0.000754;,
  -0.185180;-0.086156;0.003397;,
  -0.185057;-0.100102;0.008566;,
  -0.177274;-0.101249;0.000873;,
  -0.111796;-0.096578;0.058995;,
  -0.138407;-0.064412;0.031989;,
  -0.163635;-0.088175;0.029207;,
  -0.132117;-0.126009;0.048190;,
  -0.148712;-0.133818;0.056046;,
  -0.139103;-0.100019;0.084955;,
  -0.167326;-0.065791;0.057864;,
  -0.178954;-0.096940;0.038427;,
  -0.048090;0.183550;0.100489;,
  -0.076305;0.175034;0.105574;,
  -0.071344;0.169739;0.069964;,
  -0.048769;0.181116;0.072936;,
  0.023946;0.105283;0.094880;,
  -0.071918;0.180450;0.042880;,
  -0.089588;0.151122;0.101772;,
  -0.078133;0.130657;0.099064;,
  -0.080093;0.122740;0.083739;,
  -0.084126;0.143178;0.072819;,
  0.002455;0.146487;0.100897;,
  -0.002689;0.149069;0.103738;,
  0.021001;0.144264;0.059185;,
  0.024578;0.140970;0.001265;,
  -0.019074;0.182193;0.002723;,
  -0.017929;0.182874;0.081445;,
  -0.002689;0.149069;0.103738;,
  -0.044655;0.110391;0.089327;,
  -0.056679;0.120618;0.067991;,
  -0.008852;0.138379;0.103905;,
  -0.036835;0.077699;0.091559;,
  -0.005197;0.091894;0.097722;,
  -0.073656;0.105521;0.087994;,
  0.008994;0.099674;0.102741;,
  -0.138407;-0.064412;0.031989;,
  -0.088823;0.202995;0.039968;,
  -0.073045;0.217211;0.030471;,
  -0.068233;0.224082;0.004333;,
  -0.047720;0.200092;0.003618;,
  -0.178954;-0.096940;0.038427;,
  -0.191259;-0.144167;-0.006735;,
  -0.157682;-0.162590;0.021693;,
  -0.181524;-0.075806;0.020014;,
  -0.160036;-0.079145;0.005940;,
  -0.160036;-0.079145;0.005940;,
  -0.164083;-0.095098;0.012717;,
  -0.177316;-0.093120;0.033374;,
  -0.177316;-0.093120;0.033374;,
  -0.185180;-0.086156;0.003397;,
  -0.175122;-0.090362;-0.000754;,
  -0.185057;-0.100102;0.008566;,
  -0.220243;-0.398985;0.169429;,
  -0.227479;-0.420610;0.174988;,
  -0.264989;-0.420598;0.139174;,
  -0.257752;-0.402019;0.137853;,
  -0.108579;-0.387325;0.119875;,
  -0.149008;-0.395671;0.116921;,
  -0.146476;-0.420628;0.118292;,
  -0.097948;-0.420735;0.123622;,
  -0.128517;-0.340690;0.123727;,
  -0.109111;-0.384303;0.161415;,
  -0.127536;-0.332111;0.146722;,
  -0.143409;-0.420651;0.163187;,
  -0.145881;-0.385705;0.164337;,
  -0.098217;-0.420758;0.158478;,
  -0.177101;-0.354847;0.143095;,
  -0.147314;-0.348763;0.159748;,
  -0.247299;-0.405053;0.110361;,
  -0.254535;-0.420587;0.104234;,
  -0.254535;-0.420587;0.104234;,
  -0.227479;-0.420610;0.174988;,
  -0.129347;-0.133201;0.034371;,
  -0.215792;-0.166187;0.071759;,
  -0.196780;-0.234006;0.073568;,
  -0.178311;-0.286150;0.095366;,
  -0.151541;-0.359281;0.124387;,
  -0.151541;-0.359281;0.124387;,
  -0.106891;0.196682;0.051330;,
  -0.101124;0.189967;0.032279;,
  -0.117960;0.179337;0.033987;,
  -0.122332;0.184276;0.043072;,
  -0.095617;0.224785;0.043509;,
  -0.082539;0.243361;0.035357;,
  -0.184138;0.312453;0.027756;,
  -0.186827;0.316637;0.008168;,
  -0.192822;0.231344;0.041692;,
  -0.198570;0.227314;0.024856;,
  -0.199421;0.260124;0.038395;,
  -0.134899;0.200353;0.049401;,
  -0.116799;0.222673;0.057099;,
  -0.104621;0.210873;0.049794;,
  -0.118531;0.261644;0.058530;,
  -0.142953;0.259554;0.059655;,
  -0.164158;0.242862;0.055885;,
  -0.188097;0.274000;0.051590;,
  -0.165896;0.288851;0.059755;,
  -0.106318;0.272825;0.055664;,
  -0.092805;0.289927;0.044570;,
  -0.084563;0.296436;0.005258;,
  -0.126135;0.324786;0.039444;,
  -0.119022;0.331662;0.006428;,
  -0.152237;0.223538;0.055907;,
  -0.142573;0.185288;0.040149;,
  -0.170512;0.207854;0.041856;,
  -0.141284;0.158206;0.025387;,
  -0.201248;0.281349;0.034093;,
  -0.178262;0.303521;0.047225;,
  -0.157401;0.324185;0.041900;,
  -0.140929;0.313183;0.054919;,
  -0.154969;0.332211;0.024647;,
  -0.154490;0.335414;0.007415;,
  -0.076129;0.257157;0.004769;,
  -0.140929;0.313183;0.054919;,
  -0.157401;0.324185;0.041900;,
  -0.118491;0.224685;0.063418;,
  -0.127772;0.251157;0.062256;,
  -0.132166;0.269850;0.069617;,
  -0.115661;0.257177;0.074146;,
  -0.118491;0.224685;0.063418;,
  -0.115661;0.257177;0.074146;,
  -0.132166;0.269850;0.069617;,
  -0.142953;0.259554;0.059655;,
  -0.137062;0.235086;0.059839;,
  -0.116799;0.222673;0.057099;,
  -0.181312;0.227315;0.041990;,
  -0.137062;0.235086;0.059839;,
  -0.088823;0.202995;0.039968;,
  -0.071918;0.180450;0.042880;,
  -0.071344;0.169739;0.069964;,
  -0.095617;0.224785;0.043509;,
  0.092326;-0.111101;-0.002117;,
  0.088312;-0.145110;-0.000139;,
  0.016809;-0.184187;-0.008203;,
  0.021221;-0.158286;0.002617;,
  -0.154969;0.332211;0.024647;,
  -0.154490;0.335414;0.007415;,
  -0.161055;0.183328;0.026707;,
  -0.173837;0.191404;0.019760;,
  -0.178249;0.199992;0.019745;,
  -0.186241;0.223922;0.022414;,
  0.056820;0.014409;-0.001068;,
  -0.071344;0.169739;0.069964;,
  -0.264989;-0.420598;0.139174;,
  -0.163059;0.172602;0.018425;,
  -0.157717;0.177666;0.025984;,
  -0.162191;0.178547;0.018257;,
  -0.168301;0.179708;0.018178;,
  -0.008852;0.138379;0.103905;,
  -0.029210;0.119075;0.084721;,
  -0.044655;0.110391;0.089327;,
  -0.073656;0.105521;0.087994;,
  -0.106318;0.272825;0.055664;,
  -0.233086;-0.236205;0.056889;,
  -0.225593;-0.310035;0.074838;,
  -0.237309;-0.315479;0.017328;,
  -0.233396;-0.238552;0.014629;,
  -0.228427;-0.162183;0.048230;,
  -0.218270;-0.174729;0.011777;,
  -0.135318;-0.136918;0.024695;,
  -0.136964;-0.156297;0.007979;,
  -0.051579;-0.109793;0.009409;,
  -0.055242;-0.129668;0.003770;,
  -0.041855;-0.109423;0.001867;,
  -0.028516;-0.099877;0.042044;,
  -0.223464;-0.380617;0.086328;,
  -0.244502;-0.380821;0.019755;,
  -0.104689;-0.351225;0.090320;,
  -0.127536;-0.332112;0.146709;,
  -0.132913;-0.257238;0.144466;,
  -0.117755;-0.279624;0.078302;,
  -0.141312;-0.184425;0.130867;,
  -0.132126;-0.207824;0.069282;,
  -0.168844;-0.197937;0.070818;,
  -0.184352;-0.171106;0.115271;,
  -0.102078;-0.174139;0.132297;,
  -0.101464;-0.218448;0.060018;,
  0.088312;-0.145110;-0.000139;,
  0.057504;-0.161305;0.048823;,
  -0.029210;0.119075;0.084721;,
  -0.036408;-0.086278;0.054657;,
  -0.132336;-0.097208;0.074533;,
  -0.236021;-0.139342;0.095755;,
  -0.219184;-0.211622;0.113587;,
  -0.199752;-0.281771;0.127455;,
  -0.177101;-0.354847;0.143095;,
  -0.116750;-0.174857;-0.118121;,
  0.052785;-0.165861;-0.046871;,
  -0.008837;-0.164536;-0.095390;,
  -0.196204;-0.167524;-0.093622;,
  -0.159657;-0.187957;-0.113905;,
  -0.163620;-0.261431;-0.125865;,
  -0.169985;-0.334782;-0.124820;,
  0.000851;-0.158297;0.100654;;
  916;
  3;0,2,1;,
  3;2,0,3;,
  3;4,6,5;,
  3;6,4,7;,
  3;8,10,9;,
  3;10,8,11;,
  3;12,14,13;,
  3;14,12,15;,
  3;16,12,17;,
  3;12,16,15;,
  3;18,20,19;,
  3;20,18,16;,
  3;5,22,21;,
  3;22,5,6;,
  3;13,24,23;,
  3;24,13,14;,
  3;25,27,26;,
  3;27,25,28;,
  3;29,31,30;,
  3;31,29,32;,
  3;31,33,30;,
  3;33,31,34;,
  3;35,37,36;,
  3;37,35,38;,
  3;38,39,37;,
  3;39,38,40;,
  3;36,42,41;,
  3;42,36,37;,
  3;37,43,42;,
  3;43,37,39;,
  3;41,31,32;,
  3;31,41,42;,
  3;42,34,31;,
  3;34,42,43;,
  3;44,46,45;,
  3;46,44,47;,
  3;48,50,49;,
  3;50,48,51;,
  3;49,53,52;,
  3;53,49,50;,
  3;54,56,55;,
  3;56,54,57;,
  3;57,58,56;,
  3;58,57,59;,
  3;55,61,60;,
  3;61,55,56;,
  3;56,62,61;,
  3;62,56,58;,
  3;60,50,51;,
  3;50,60,61;,
  3;61,53,50;,
  3;53,61,62;,
  3;32,20,63;,
  3;20,32,29;,
  3;64,66,65;,
  3;66,64,19;,
  3;13,67,12;,
  3;67,13,68;,
  3;68,69,67;,
  3;69,68,70;,
  3;70,41,69;,
  3;41,70,36;,
  3;48,34,51;,
  3;34,48,33;,
  3;51,43,60;,
  3;43,51,34;,
  3;43,55,60;,
  3;55,43,39;,
  3;39,54,55;,
  3;54,39,40;,
  3;12,63,17;,
  3;63,12,67;,
  3;67,32,63;,
  3;32,67,69;,
  3;69,41,32;,
  3;71,72,25;,
  3;73,75,74;,
  3;75,73,76;,
  3;75,77,74;,
  3;77,75,78;,
  3;79,78,80;,
  3;78,79,77;,
  3;81,83,82;,
  3;83,85,84;,
  3;85,83,86;,
  3;87,89,88;,
  3;89,90,88;,
  3;90,89,91;,
  3;92,94,93;,
  3;92,88,94;,
  3;92,87,88;,
  3;88,95,94;,
  3;95,88,90;,
  3;96,94,83;,
  3;94,86,83;,
  3;86,94,95;,
  3;97,99,98;,
  3;99,97,100;,
  3;100,101,99;,
  3;101,100,102;,
  3;103,105,104;,
  3;105,103,106;,
  3;106,107,105;,
  3;107,106,108;,
  3;104,110,109;,
  3;110,104,105;,
  3;105,111,110;,
  3;111,105,107;,
  3;109,100,97;,
  3;100,109,110;,
  3;110,102,100;,
  3;102,110,111;,
  3;112,114,113;,
  3;114,112,115;,
  3;116,118,117;,
  3;118,116,119;,
  3;120,122,121;,
  3;122,120,123;,
  3;120,125,124;,
  3;125,120,121;,
  3;126,125,127;,
  3;125,126,124;,
  3;95,97,86;,
  3;97,95,109;,
  3;86,98,85;,
  3;98,86,97;,
  3;90,103,104;,
  3;103,90,91;,
  3;104,95,90;,
  3;95,104,109;,
  3;128,96,129;,
  3;96,128,93;,
  3;129,130,128;,
  3;130,129,131;,
  3;72,28,25;,
  3;28,72,132;,
  3;9,133,8;,
  3;134,136,135;,
  3;136,134,137;,
  3;81,137,134;,
  3;138,11,139;,
  3;138,10,11;,
  3;138,140,10;,
  3;141,11,142;,
  3;11,141,139;,
  3;128,130,143;,
  3;93,144,92;,
  3;93,143,144;,
  3;93,128,143;,
  3;145,87,146;,
  3;87,145,147;,
  3;74,148,73;,
  3;148,74,149;,
  3;150,147,145;,
  3;7,149,74;,
  3;148,151,73;,
  3;102,152,101;,
  3;152,102,126;,
  3;102,124,126;,
  3;124,102,111;,
  3;111,120,124;,
  3;120,111,107;,
  3;120,108,123;,
  3;108,120,107;,
  3;8,154,153;,
  3;154,8,133;,
  3;153,155,8;,
  3;155,153,156;,
  3;121,113,114;,
  3;113,121,122;,
  3;122,112,113;,
  3;112,122,157;,
  3;158,125,159;,
  3;125,158,127;,
  3;159,121,114;,
  3;121,159,125;,
  3;126,160,152;,
  3;160,126,161;,
  3;162,122,123;,
  3;122,162,163;,
  3;122,164,157;,
  3;164,122,163;,
  3;165,126,127;,
  3;126,165,161;,
  3;161,166,160;,
  3;166,161,167;,
  3;162,117,163;,
  3;117,162,116;,
  3;163,118,164;,
  3;118,163,117;,
  3;165,167,161;,
  3;167,165,168;,
  3;169,171,170;,
  3;171,169,172;,
  3;173,175,174;,
  3;175,173,176;,
  3;177,179,178;,
  3;179,177,173;,
  3;180,179,181;,
  3;179,180,182;,
  3;183,169,170;,
  3;169,183,184;,
  3;175,186,185;,
  3;186,175,176;,
  3;45,187,44;,
  3;187,45,188;,
  3;180,169,182;,
  3;169,180,172;,
  3;19,29,66;,
  3;20,29,19;,
  3;29,30,189;,
  3;30,190,189;,
  3;190,30,33;,
  3;33,191,190;,
  3;191,33,48;,
  3;191,49,192;,
  3;49,191,48;,
  3;192,52,193;,
  3;52,192,49;,
  3;194,170,186;,
  3;170,194,183;,
  3;170,185,186;,
  3;185,170,171;,
  3;186,176,194;,
  3;194,173,177;,
  3;173,194,176;,
  3;179,174,181;,
  3;174,179,173;,
  3;178,182,184;,
  3;182,178,179;,
  3;182,169,184;,
  3;16,17,20;,
  3;17,63,20;,
  3;66,195,65;,
  3;196,198,197;,
  3;198,196,199;,
  3;200,153,154;,
  3;153,200,201;,
  3;202,204,203;,
  3;205,207,206;,
  3;196,209,208;,
  3;209,196,197;,
  3;210,208,211;,
  3;208,210,196;,
  3;212,214,213;,
  3;214,212,215;,
  3;212,213,211;,
  3;201,217,216;,
  3;217,201,200;,
  3;218,220,219;,
  3;220,218,216;,
  3;210,199,196;,
  3;214,205,206;,
  3;221,223,222;,
  3;197,198,224;,
  3;224,226,225;,
  3;226,224,198;,
  3;227,214,206;,
  3;228,229,213;,
  3;229,228,230;,
  3;219,232,231;,
  3;214,228,213;,
  3;156,201,233;,
  3;201,156,153;,
  3;233,216,218;,
  3;216,233,201;,
  3;220,216,234;,
  3;235,220,234;,
  3;236,238,237;,
  3;238,236,239;,
  3;208,240,211;,
  3;240,208,241;,
  3;211,242,212;,
  3;242,211,240;,
  3;243,239,244;,
  3;239,243,238;,
  3;244,236,245;,
  3;236,244,239;,
  3;246,221,222;,
  3;221,246,215;,
  3;221,212,247;,
  3;212,221,215;,
  3;199,248,1;,
  3;248,199,249;,
  3;133,9,250;,
  3;249,210,251;,
  3;210,249,199;,
  3;210,211,251;,
  3;252,2,253;,
  3;2,252,1;,
  3;19,254,18;,
  3;254,19,64;,
  3;23,68,13;,
  3;68,23,255;,
  3;68,256,70;,
  3;256,68,255;,
  3;256,36,70;,
  3;36,256,257;,
  3;258,1,252;,
  3;1,258,199;,
  3;257,259,36;,
  3;36,259,35;,
  3;260,203,261;,
  3;203,260,202;,
  3;262,263,222;,
  3;263,262,264;,
  3;198,258,226;,
  3;258,198,199;,
  3;265,204,227;,
  3;265,206,266;,
  3;206,265,227;,
  3;222,267,246;,
  3;267,222,263;,
  3;89,87,147;,
  3;82,83,84;,
  3;78,16,18;,
  3;16,78,75;,
  3;75,15,16;,
  3;15,75,76;,
  3;15,71,14;,
  3;71,15,76;,
  3;14,268,24;,
  3;268,14,71;,
  3;248,269,1;,
  3;1,269,0;,
  3;135,129,134;,
  3;129,135,131;,
  3;134,96,81;,
  3;96,134,129;,
  3;96,83,81;,
  3;94,96,93;,
  3;29,189,66;,
  3;205,215,246;,
  3;267,205,246;,
  3;205,267,207;,
  3;205,214,215;,
  3;187,188,270;,
  3;224,272,271;,
  3;223,221,209;,
  3;224,223,197;,
  3;271,273,262;,
  3;273,271,272;,
  3;263,275,274;,
  3;273,276,262;,
  3;277,272,278;,
  3;272,277,273;,
  3;223,271,262;,
  3;271,223,224;,
  3;223,209,197;,
  3;208,221,247;,
  3;221,208,209;,
  3;222,223,262;,
  3;266,207,279;,
  3;207,266,206;,
  3;207,280,279;,
  3;280,207,267;,
  3;280,263,274;,
  3;263,280,267;,
  3;264,262,276;,
  3;76,73,72;,
  3;138,281,140;,
  3;73,132,72;,
  3;132,73,151;,
  3;72,71,76;,
  3;272,225,278;,
  3;155,11,8;,
  3;276,277,282;,
  3;277,276,273;,
  3;275,276,282;,
  3;276,275,264;,
  3;28,141,27;,
  3;141,28,139;,
  3;139,132,138;,
  3;132,139,28;,
  3;132,281,138;,
  3;281,132,151;,
  3;281,148,283;,
  3;148,281,151;,
  3;283,149,284;,
  3;149,283,148;,
  3;7,284,149;,
  3;284,7,4;,
  3;6,79,22;,
  3;79,6,77;,
  3;77,7,74;,
  3;7,77,6;,
  3;5,3,4;,
  3;3,5,2;,
  3;285,137,82;,
  3;137,285,136;,
  3;137,81,82;,
  3;92,146,87;,
  3;146,92,144;,
  3;2,21,253;,
  3;21,2,5;,
  3;286,213,229;,
  3;251,211,286;,
  3;213,286,211;,
  3;234,216,217;,
  3;227,202,228;,
  3;202,230,228;,
  3;230,202,260;,
  3;232,220,235;,
  3;228,214,227;,
  3;26,71,25;,
  3;71,26,268;,
  3;155,142,11;,
  3;18,80,78;,
  3;80,18,254;,
  3;272,224,225;,
  3;275,263,264;,
  3;202,227,204;,
  3;232,219,220;,
  3;287,289,288;,
  3;289,287,290;,
  3;291,288,292;,
  3;288,291,287;,
  3;293,292,294;,
  3;292,293,291;,
  3;295,294,296;,
  3;294,295,293;,
  3;296,297,295;,
  3;298,290,299;,
  3;290,298,289;,
  3;300,302,301;,
  3;302,300,303;,
  3;304,300,305;,
  3;300,304,303;,
  3;306,305,307;,
  3;305,306,304;,
  3;308,306,307;,
  3;306,308,309;,
  3;308,310,309;,
  3;145,146,311;,
  3;312,314,313;,
  3;314,312,315;,
  3;316,318,317;,
  3;318,316,319;,
  3;320,322,321;,
  3;322,320,323;,
  3;324,326,325;,
  3;326,324,327;,
  3;328,324,325;,
  3;324,328,329;,
  3;330,331,328;,
  3;331,330,332;,
  3;319,22,318;,
  3;22,319,21;,
  3;327,333,326;,
  3;333,327,334;,
